-1.728000000000000114e+02
-1.733000000000000114e+02
-1.741999999999999886e+02
-1.745000000000000000e+02
-1.750000000000000000e+02
-1.768000000000000114e+02
-1.764000000000000057e+02
-1.779000000000000057e+02
-1.753000000000000114e+02
-1.735000000000000000e+02
-1.719000000000000057e+02
-1.733000000000000114e+02
-1.741999999999999886e+02
-1.760000000000000000e+02
-1.744000000000000057e+02
-1.771999999999999886e+02
-1.735000000000000000e+02
-1.731999999999999886e+02
-1.725999999999999943e+02
-1.750999999999999943e+02
-1.760999999999999943e+02
-1.775000000000000000e+02
-1.749000000000000057e+02
-1.776999999999999886e+02
-1.748000000000000114e+02
-1.769000000000000057e+02
-1.758000000000000114e+02
-1.749000000000000057e+02
-1.705000000000000000e+02
-1.734000000000000057e+02
-1.733000000000000114e+02
-1.749000000000000057e+02
-1.745999999999999943e+02
-1.746999999999999886e+02
-1.739000000000000057e+02
-1.736999999999999886e+02
-1.734000000000000057e+02
-1.734000000000000057e+02
-1.733000000000000114e+02
-1.739000000000000057e+02
-1.723000000000000114e+02
-1.746999999999999886e+02
-1.743000000000000114e+02
-1.760999999999999943e+02
-1.733000000000000114e+02
-1.739000000000000057e+02
-1.748000000000000114e+02
-1.740000000000000000e+02
-1.734000000000000057e+02
-1.738000000000000114e+02
-1.733000000000000114e+02
-1.753000000000000114e+02
-1.770999999999999943e+02
-1.763000000000000114e+02
-1.761999999999999886e+02
-1.764000000000000057e+02
-1.741999999999999886e+02
-1.740000000000000000e+02
-1.735999999999999943e+02
-1.731999999999999886e+02
-1.738000000000000114e+02
-1.736999999999999886e+02
-1.733000000000000114e+02
-1.730999999999999943e+02
-1.740000000000000000e+02
-1.730999999999999943e+02
-1.758000000000000114e+02
-1.751999999999999886e+02
-1.775000000000000000e+02
-1.748000000000000114e+02
-1.755000000000000000e+02
-1.746999999999999886e+02
-1.766999999999999886e+02
-1.745999999999999943e+02
-1.745000000000000000e+02
-1.744000000000000057e+02
-1.755000000000000000e+02
-1.725999999999999943e+02
-1.746999999999999886e+02
-1.743000000000000114e+02
-1.766999999999999886e+02
-1.734000000000000057e+02
-1.764000000000000057e+02
-1.739000000000000057e+02
-1.775000000000000000e+02
-1.773000000000000114e+02
-1.771999999999999886e+02
-1.750999999999999943e+02
-1.761999999999999886e+02
-1.724000000000000057e+02
-1.734000000000000057e+02
-1.735000000000000000e+02
-1.748000000000000114e+02
-1.765000000000000000e+02
-1.770000000000000000e+02
-1.735000000000000000e+02
-1.733000000000000114e+02
-1.734000000000000057e+02
-1.734000000000000057e+02
-1.743000000000000114e+02
