8.078598976135253906e+01
5.863165855407714844e+01
5.503582954406738281e+01
5.537700653076171875e+01
5.505180358886718750e+01
5.481910705566406250e+01
6.033253669738769531e+01
5.552649497985839844e+01
5.629301071166992188e+01
5.612373352050781250e+01
5.505704879760742188e+01
5.374789237976074219e+01
5.210328102111816406e+01
5.367136001586914062e+01
5.473184585571289062e+01
5.330681800842285156e+01
5.255818367004394531e+01
5.474209785461425781e+01
5.512475967407226562e+01
5.464267730712890625e+01
5.475234985351562500e+01
5.270338058471679688e+01
5.219864845275878906e+01
5.461573600769042969e+01
5.459523200988769531e+01
5.487108230590820312e+01
5.463910102844238281e+01
5.242180824279785156e+01
5.436801910400390625e+01
5.487895011901855469e+01
5.485701560974121094e+01
5.520129203796386719e+01
5.315685272216796875e+01
5.243539810180664062e+01
5.474591255187988281e+01
5.555033683776855469e+01
5.503225326538085938e+01
5.492210388183593750e+01
5.467939376831054688e+01
5.499410629272460938e+01
5.490946769714355469e+01
5.475950241088867188e+01
5.527949333190917969e+01
5.508112907409667969e+01
5.571126937866210938e+01
5.491495132446289062e+01
5.470967292785644531e+01
5.277824401855468750e+01
5.255436897277832031e+01
5.466222763061523438e+01
5.426168441772460938e+01
5.218386650085449219e+01
5.295896530151367188e+01
5.517673492431640625e+01
5.518317222595214844e+01
5.482959747314453125e+01
5.465698242187500000e+01
5.473518371582031250e+01
5.467247962951660156e+01
5.486083030700683594e+01
5.460524559020996094e+01
5.477905273437500000e+01
5.279302597045898438e+01
5.267095565795898438e+01
5.254650115966796875e+01
5.235886573791503906e+01
5.229949951171875000e+01
5.306386947631835938e+01
5.468463897705078125e+01
5.403161048889160156e+01
5.214905738830566406e+01
5.346512794494628906e+01
5.570363998413085938e+01
5.343008041381835938e+01
5.223464965820312500e+01
5.402946472167968750e+01
5.468463897705078125e+01
5.478644371032714844e+01
5.472302436828613281e+01
5.475664138793945312e+01
5.439329147338867188e+01
5.337595939636230469e+01
5.239176750183105469e+01
5.228471755981445312e+01
5.362272262573242188e+01
5.498242378234863281e+01
5.607128143310546875e+01
5.509448051452636719e+01
5.494141578674316406e+01
5.461311340332031250e+01
5.588555335998535156e+01
5.526328086853027344e+01
5.550193786621093750e+01
5.464768409729003906e+01
5.235052108764648438e+01
5.297565460205078125e+01
5.489802360534667969e+01
5.535650253295898438e+01
5.658340454101562500e+01
5.775189399719238281e+01
5.685973167419433594e+01
5.479550361633300781e+01
5.480217933654785156e+01
5.698084831237792969e+01
5.809068679809570312e+01
5.808568000793457031e+01
5.680060386657714844e+01
5.926227569580078125e+01
6.075549125671386719e+01
5.566906929016113281e+01
5.830502510070800781e+01
5.480432510375976562e+01
5.492043495178222656e+01
5.676531791687011719e+01
5.628156661987304688e+01
5.475640296936035156e+01
5.478119850158691406e+01
5.523681640625000000e+01
5.601263046264648438e+01
5.517172813415527344e+01
5.487704277038574219e+01
5.486035346984863281e+01
5.483245849609375000e+01
5.495262145996093750e+01
5.510282516479492188e+01
5.532002449035644531e+01
5.548214912414550781e+01
5.500197410583496094e+01
5.500054359436035156e+01
5.549240112304687500e+01
5.517196655273437500e+01
5.482459068298339844e+01
5.478501319885253906e+01
5.473113059997558594e+01
5.507850646972656250e+01
5.540108680725097656e+01
5.487322807312011719e+01
5.475425720214843750e+01
5.476713180541992188e+01
5.490708351135253906e+01
5.550479888916015625e+01
5.490827560424804688e+01
5.480217933654785156e+01
5.472517013549804688e+01
5.689859390258789062e+01
5.504989624023437500e+01
5.496835708618164062e+01
5.478549003601074219e+01
5.467200279235839844e+01
5.469918251037597656e+01
5.498838424682617188e+01
5.518579483032226562e+01
5.488252639770507812e+01
5.616378784179687500e+01
5.515980720520019531e+01
5.406308174133300781e+01
5.244994163513183594e+01
5.319404602050781250e+01
5.475401878356933594e+01
5.473327636718750000e+01
5.488014221191406250e+01
5.510878562927246094e+01
5.514931678771972656e+01
5.581521987915039062e+01
5.531668663024902344e+01
5.473136901855468750e+01
5.492067337036132812e+01
5.482029914855957031e+01
5.473661422729492188e+01
5.488133430480957031e+01
5.479907989501953125e+01
5.534577369689941406e+01
5.506014823913574219e+01
5.506134033203125000e+01
5.528426170349121094e+01
5.487275123596191406e+01
5.479860305786132812e+01
5.478906631469726562e+01
5.490422248840332031e+01
5.478382110595703125e+01
5.477833747863769531e+01
5.548381805419921875e+01
5.474925041198730469e+01
5.483913421630859375e+01
5.502557754516601562e+01
5.498361587524414062e+01
5.479741096496582031e+01
5.476641654968261719e+01
5.471611022949218750e+01
5.505800247192382812e+01
5.548262596130371094e+01
5.472421646118164062e+01
5.362987518310546875e+01
5.236864089965820312e+01
5.374097824096679688e+01
5.499649047851562500e+01
5.503726005554199219e+01
5.481624603271484375e+01
5.499720573425292969e+01
5.566740036010742188e+01
5.477404594421386719e+01
5.482840538024902344e+01
5.474710464477539062e+01
5.476975440979003906e+01
5.473303794860839844e+01
5.467295646667480469e+01
5.505394935607910156e+01
5.486392974853515625e+01
5.536413192749023438e+01
5.493783950805664062e+01
5.492496490478515625e+01
5.493307113647460938e+01
5.481719970703125000e+01
5.480337142944335938e+01
5.485486984252929688e+01
5.482578277587890625e+01
5.477809906005859375e+01
5.664777755737304688e+01
5.485343933105468750e+01
5.483698844909667969e+01
5.477523803710937500e+01
5.481195449829101562e+01
5.479097366333007812e+01
5.481076240539550781e+01
5.481171607971191406e+01
5.475306510925292969e+01
5.570077896118164062e+01
5.480098724365234375e+01
5.505704879760742188e+01
5.486369132995605469e+01
5.505657196044921875e+01
5.478501319885253906e+01
5.483555793762207031e+01
5.500102043151855469e+01
5.493521690368652344e+01
5.574321746826171875e+01
5.526995658874511719e+01
5.535149574279785156e+01
5.473446846008300781e+01
5.513787269592285156e+01
5.458307266235351562e+01
5.458903312683105469e+01
5.461287498474121094e+01
5.447363853454589844e+01
5.296730995178222656e+01
5.281424522399902344e+01
5.436086654663085938e+01
5.454921722412109375e+01
5.465173721313476562e+01
5.467557907104492188e+01
5.468916893005371094e+01
5.485939979553222656e+01
5.478167533874511719e+01
5.332446098327636719e+01
5.318832397460937500e+01
5.397891998291015625e+01
5.466008186340332031e+01
5.465316772460937500e+01
5.480384826660156250e+01
5.258297920227050781e+01
5.229401588439941406e+01
5.243420600891113281e+01
5.210185050964355469e+01
5.529069900512695312e+01
5.466914176940917969e+01
5.488252639770507812e+01
5.492377281188964844e+01
5.478096008300781250e+01
5.482125282287597656e+01
5.483293533325195312e+01
5.301237106323242188e+01
5.234122276306152344e+01
5.497813224792480469e+01
5.461311340332031250e+01
5.454874038696289062e+01
5.460214614868164062e+01
5.209612846374511719e+01
5.226302146911621094e+01
5.471873283386230469e+01
5.450558662414550781e+01
5.462598800659179688e+01
5.485701560974121094e+01
5.486130714416503906e+01
5.343914031982421875e+01
5.223083496093750000e+01
5.188369750976562500e+01
5.235791206359863281e+01
5.206227302551269531e+01
5.238676071166992188e+01
5.396509170532226562e+01
5.460047721862792969e+01
5.358028411865234375e+01
5.226111412048339844e+01
5.442261695861816406e+01
5.478286743164062500e+01
5.476474761962890625e+01
5.476260185241699219e+01
5.493450164794921875e+01
5.370497703552246094e+01
5.393290519714355469e+01
5.370378494262695312e+01
5.241250991821289062e+01
5.340957641601562500e+01
5.452322959899902344e+01
5.302190780639648438e+01
5.265498161315917969e+01
5.433726310729980469e+01
5.454564094543457031e+01
5.258607864379882812e+01
5.247640609741210938e+01
5.500769615173339844e+01
5.463171005249023438e+01
5.461287498474121094e+01
5.464863777160644531e+01
5.491375923156738281e+01
5.468702316284179688e+01
5.464839935302734375e+01
5.500578880310058594e+01
5.463409423828125000e+01
5.533671379089355469e+01
5.485296249389648438e+01
5.466794967651367188e+01
5.479693412780761719e+01
5.496811866760253906e+01
5.460143089294433594e+01
5.467271804809570312e+01
5.474567413330078125e+01
5.504631996154785156e+01
5.530500411987304688e+01
5.452084541320800781e+01
5.466485023498535156e+01
5.438590049743652344e+01
5.447173118591308594e+01
5.476284027099609375e+01
5.469846725463867188e+01
5.453443527221679688e+01
5.467939376831054688e+01
5.501937866210937500e+01
5.525135993957519531e+01
5.382394790649414062e+01
5.233478546142578125e+01
5.369234085083007812e+01
5.459904670715332031e+01
5.474662780761718750e+01
5.470442771911621094e+01
5.469346046447753906e+01
5.547571182250976562e+01
5.474710464477539062e+01
5.466890335083007812e+01
5.504488945007324219e+01
5.420875549316406250e+01
5.213880538940429688e+01
5.313992500305175781e+01
5.445551872253417969e+01
5.441427230834960938e+01
5.592274665832519531e+01
5.344676971435546875e+01
5.223011970520019531e+01
5.421018600463867188e+01
5.468916893005371094e+01
5.262851715087890625e+01
5.241489410400390625e+01
5.415844917297363281e+01
5.467629432678222656e+01
5.513572692871093750e+01
5.525588989257812500e+01
5.463242530822753906e+01
5.486464500427246094e+01
5.463886260986328125e+01
5.496263504028320312e+01
5.450987815856933594e+01
5.292844772338867188e+01
5.224919319152832031e+01
5.223464965820312500e+01
5.287027359008789062e+01
5.426120758056640625e+01
5.445098876953125000e+01
5.456256866455078125e+01
5.474352836608886719e+01
5.479192733764648438e+01
5.464029312133789062e+01
5.438137054443359375e+01
5.458784103393554688e+01
5.541968345642089844e+01
5.461740493774414062e+01
5.457067489624023438e+01
5.471897125244140625e+01
5.498313903808593750e+01
5.490374565124511719e+01
5.452966690063476562e+01
5.220460891723632812e+01
5.285596847534179688e+01
5.490612983703613281e+01
5.379247665405273438e+01
5.243158340454101562e+01
5.315279960632324219e+01
5.445384979248046875e+01
5.457663536071777344e+01
5.471038818359375000e+01
5.304622650146484375e+01
5.237889289855957031e+01
5.431699752807617188e+01
5.510950088500976562e+01
5.455207824707031250e+01
5.456328392028808594e+01
5.264258384704589844e+01
5.218601226806640625e+01
5.448150634765625000e+01
5.461740493774414062e+01
5.449080467224121094e+01
5.466127395629882812e+01
5.519676208496093750e+01
5.322313308715820312e+01
5.199718475341796875e+01
5.358242988586425781e+01
5.473256111145019531e+01
5.489349365234375000e+01
5.496883392333984375e+01
5.465555191040039062e+01
5.490136146545410156e+01
5.528783798217773438e+01
5.463743209838867188e+01
5.450129508972167969e+01
5.578732490539550781e+01
5.256152153015136719e+01
5.341911315917968750e+01
5.482006072998046875e+01
5.513525009155273438e+01
5.513834953308105469e+01
5.527615547180175781e+01
5.482482910156250000e+01
5.269074440002441406e+01
5.235195159912109375e+01
5.449485778808593750e+01
5.465316772460937500e+01
5.467009544372558594e+01
5.477833747863769531e+01
5.469512939453125000e+01
5.508041381835937500e+01
5.562257766723632812e+01
5.462169647216796875e+01
5.517530441284179688e+01
5.477786064147949219e+01
5.575013160705566406e+01
5.758070945739746094e+01
5.495858192443847656e+01
5.495762825012207031e+01
5.509996414184570312e+01
5.497717857360839844e+01
5.480265617370605469e+01
5.485224723815917969e+01
5.467820167541503906e+01
5.472111701965332031e+01
5.449223518371582031e+01
5.481386184692382812e+01
5.463552474975585938e+01
5.534887313842773438e+01
5.531406402587890625e+01
5.383157730102539062e+01
5.223488807678222656e+01
5.315828323364257812e+01
5.474376678466796875e+01
5.469083786010742188e+01
5.485272407531738281e+01
5.463576316833496094e+01
5.459737777709960938e+01
5.532526969909667969e+01
5.468702316284179688e+01
5.258083343505859375e+01
5.216240882873535156e+01
5.458021163940429688e+01
5.523252487182617188e+01
5.460882186889648438e+01
5.461239814758300781e+01
5.464267730712890625e+01
5.537652969360351562e+01
5.457496643066406250e+01
5.472326278686523438e+01
5.464005470275878906e+01
5.468034744262695312e+01
5.474328994750976562e+01
5.479884147644042969e+01
5.508470535278320312e+01
5.486249923706054688e+01
5.505251884460449219e+01
5.477046966552734375e+01
5.460786819458007812e+01
5.472111701965332031e+01
5.466008186340332031e+01
5.468177795410156250e+01
5.289030075073242188e+01
5.216383934020996094e+01
5.412697792053222656e+01
5.646944046020507812e+01
5.250382423400878906e+01
5.210423469543457031e+01
5.447673797607421875e+01
5.451273918151855469e+01
5.469727516174316406e+01
5.380415916442871094e+01
5.232191085815429688e+01
5.299329757690429688e+01
5.506324768066406250e+01
5.494594573974609375e+01
5.502462387084960938e+01
5.477833747863769531e+01
5.470681190490722656e+01
5.481290817260742188e+01
5.473756790161132812e+01
5.474257469177246094e+01
5.473613739013671875e+01
5.494236946105957031e+01
5.542349815368652344e+01
5.485868453979492188e+01
5.467367172241210938e+01
5.502343177795410156e+01
5.316042900085449219e+01
5.229473114013671875e+01
5.410814285278320312e+01
5.452609062194824219e+01
5.476140975952148438e+01
5.525970458984375000e+01
5.472278594970703125e+01
5.477285385131835938e+01
5.482339859008789062e+01
5.479907989501953125e+01
5.499792098999023438e+01
5.358052253723144531e+01
5.232524871826171875e+01
5.358648300170898438e+01
5.542516708374023438e+01
5.474400520324707031e+01
5.471491813659667969e+01
5.488848686218261719e+01
5.458283424377441406e+01
5.464434623718261719e+01
6.417894363403320312e+01
5.604171752929687500e+01
5.535793304443359375e+01
5.689358711242675781e+01
5.538916587829589844e+01
5.540823936462402344e+01
5.546832084655761719e+01
5.515336990356445312e+01
5.523538589477539062e+01
5.524611473083496094e+01
5.517244338989257812e+01
5.591177940368652344e+01
5.585670471191406250e+01
5.617833137512207031e+01
5.622768402099609375e+01
5.549335479736328125e+01
5.555319786071777344e+01
5.506181716918945312e+01
5.486679077148437500e+01
5.467057228088378906e+01
5.472850799560546875e+01
5.511546134948730469e+01
5.476331710815429688e+01
5.492186546325683594e+01
5.479359626770019531e+01
5.521345138549804688e+01
5.603313446044921875e+01
5.528473854064941406e+01
5.537509918212890625e+01
5.528426170349121094e+01
5.594635009765625000e+01
5.530071258544921875e+01
5.519700050354003906e+01
5.561017990112304688e+01
5.531191825866699219e+01
5.509352684020996094e+01
5.501747131347656250e+01
5.512285232543945312e+01
5.559897422790527344e+01
5.630064010620117188e+01
5.610013008117675781e+01
5.564999580383300781e+01
5.474615097045898438e+01
5.470633506774902344e+01
5.515456199645996094e+01
5.468797683715820312e+01
5.473303794860839844e+01
5.468225479125976562e+01
5.542540550231933594e+01
5.475521087646484375e+01
5.462527275085449219e+01
5.464601516723632812e+01
5.459952354431152344e+01
5.476284027099609375e+01
5.493521690368652344e+01
5.501627922058105469e+01
5.491423606872558594e+01
5.602455139160156250e+01
5.486369132995605469e+01
5.470395088195800781e+01
5.477857589721679688e+01
5.468297004699707031e+01
5.492043495178222656e+01
5.466246604919433594e+01
5.468177795410156250e+01
5.486488342285156250e+01
5.505824089050292969e+01
5.529975891113281250e+01
5.472660064697265625e+01
5.489063262939453125e+01
5.464839935302734375e+01
5.465674400329589844e+01
5.470633506774902344e+01
5.580186843872070312e+01
5.606985092163085938e+01
5.568122863769531250e+01
5.598068237304687500e+01
5.581235885620117188e+01
5.540752410888671875e+01
5.529522895812988281e+01
5.519437789916992188e+01
5.522394180297851562e+01
5.534148216247558594e+01
5.512261390686035156e+01
7.391619682312011719e+01
7.832479476928710938e+01
5.586218833923339844e+01
6.572818756103515625e+01
5.601119995117187500e+01
5.495858192443847656e+01
5.505728721618652344e+01
5.553412437438964844e+01
6.332182884216308594e+01
5.533170700073242188e+01
5.493998527526855469e+01
5.491447448730468750e+01
5.529594421386718750e+01
5.632853507995605469e+01
5.604481697082519531e+01
5.566763877868652344e+01
5.567598342895507812e+01
5.634951591491699219e+01
5.598688125610351562e+01
5.563402175903320312e+01
5.555558204650878906e+01
5.578303337097167969e+01
5.549025535583496094e+01
5.568456649780273438e+01
5.576133728027343750e+01
5.573320388793945312e+01
5.684614181518554688e+01
5.711102485656738281e+01
5.624461174011230469e+01
5.591702461242675781e+01
5.555272102355957031e+01
5.494856834411621094e+01
5.480408668518066406e+01
5.489683151245117188e+01
5.485391616821289062e+01
5.540466308593750000e+01
5.537724494934082031e+01
5.494689941406250000e+01
5.496859550476074219e+01
5.607867240905761719e+01
5.589890480041503906e+01
5.568170547485351562e+01
5.535888671875000000e+01
5.551958084106445312e+01
5.650615692138671875e+01
5.542731285095214844e+01
5.590605735778808594e+01
5.547714233398437500e+01
5.526399612426757812e+01
5.544948577880859375e+01
5.538415908813476562e+01
5.589103698730468750e+01
5.578708648681640625e+01
5.820941925048828125e+01
5.623793601989746094e+01
5.523657798767089844e+01
5.478811264038085938e+01
5.508017539978027344e+01
5.485510826110839844e+01
5.481028556823730469e+01
5.479264259338378906e+01
5.488967895507812500e+01
5.624389648437500000e+01
5.524826049804687500e+01
5.503845214843750000e+01
5.488371849060058594e+01
5.503225326538085938e+01
5.549430847167968750e+01
5.528497695922851562e+01
5.486774444580078125e+01
5.498743057250976562e+01
5.561375617980957031e+01
5.537462234497070312e+01
5.481600761413574219e+01
5.473327636718750000e+01
5.474996566772460938e+01
5.496883392333984375e+01
5.491900444030761719e+01
5.510926246643066406e+01
5.507779121398925781e+01
5.527639389038085938e+01
5.675315856933593750e+01
5.544543266296386719e+01
5.636191368103027344e+01
5.495762825012207031e+01
5.491042137145996094e+01
5.486536026000976562e+01
5.521082878112792969e+01
5.503058433532714844e+01
5.546545982360839844e+01
5.541920661926269531e+01
5.498409271240234375e+01
5.494236946105957031e+01
5.527687072753906250e+01
5.496263504028320312e+01
5.480337142944335938e+01
5.617070198059082031e+01
5.668306350708007812e+01
5.517363548278808594e+01
5.510020256042480469e+01
5.518698692321777344e+01
5.503463745117187500e+01
5.553054809570312500e+01
5.544853210449218750e+01
5.605173110961914062e+01
5.504918098449707031e+01
5.481171607971191406e+01
5.544567108154296875e+01
5.540728569030761719e+01
5.471539497375488281e+01
5.474233627319335938e+01
5.502295494079589844e+01
5.478501319885253906e+01
5.473089218139648438e+01
5.493855476379394531e+01
5.498361587524414062e+01
5.509281158447265625e+01
5.568337440490722656e+01
5.486488342285156250e+01
5.476474761962890625e+01
5.482888221740722656e+01
5.488491058349609375e+01
5.511331558227539062e+01
5.471205711364746094e+01
5.489158630371093750e+01
5.478167533874511719e+01
5.590748786926269531e+01
5.479598045349121094e+01
5.482769012451171875e+01
5.472564697265625000e+01
5.495977401733398438e+01
5.483007431030273438e+01
5.477285385131835938e+01
5.533576011657714844e+01
5.495882034301757812e+01
5.563497543334960938e+01
5.466485023498535156e+01
5.479431152343750000e+01
5.482745170593261719e+01
5.482387542724609375e+01
5.482220649719238281e+01
5.501651763916015625e+01
5.494284629821777344e+01
5.483889579772949219e+01
5.658197402954101562e+01
5.495762825012207031e+01
5.473160743713378906e+01
5.493807792663574219e+01
5.484819412231445312e+01
5.476117134094238281e+01
5.489826202392578125e+01
5.483102798461914062e+01
5.484390258789062500e+01
5.542469024658203125e+01
5.486822128295898438e+01
5.517244338989257812e+01
5.477714538574218750e+01
5.490756034851074219e+01
5.460953712463378906e+01
5.476021766662597656e+01
5.481624603271484375e+01
5.471086502075195312e+01
5.553746223449707031e+01
5.488967895507812500e+01
5.471134185791015625e+01
5.538582801818847656e+01
5.500483512878417969e+01
5.465149879455566406e+01
5.483555793762207031e+01
5.469155311584472656e+01
5.494189262390136719e+01
5.552887916564941406e+01
5.479598045349121094e+01
5.471277236938476562e+01
5.487012863159179688e+01
5.472946166992187500e+01
5.571341514587402344e+01
5.495262145996093750e+01
5.491900444030761719e+01
5.504584312438964844e+01
5.693078041076660156e+01
5.492758750915527344e+01
5.477046966552734375e+01
5.480909347534179688e+01
5.485415458679199219e+01
5.500030517578125000e+01
5.469059944152832031e+01
5.511474609375000000e+01
5.493497848510742188e+01
5.710315704345703125e+01
5.520200729370117188e+01
5.490279197692871094e+01
5.486965179443359375e+01
5.485296249389648438e+01
5.473804473876953125e+01
5.503535270690917969e+01
5.484390258789062500e+01
5.493354797363281250e+01
5.598568916320800781e+01
5.553412437438964844e+01
5.493474006652832031e+01
5.493521690368652344e+01
5.478978157043457031e+01
5.503296852111816406e+01
5.480933189392089844e+01
5.486249923706054688e+01
5.474376678466796875e+01
5.514550209045410156e+01
5.525207519531250000e+01
5.548167228698730469e+01
5.492353439331054688e+01
5.493640899658203125e+01
5.479383468627929688e+01
5.488467216491699219e+01
5.484080314636230469e+01
5.495810508728027344e+01
5.544209480285644531e+01
5.561256408691406250e+01
5.485510826110839844e+01
5.487704277038574219e+01
5.517268180847167969e+01
5.503416061401367188e+01
5.472850799560546875e+01
5.592966079711914062e+01
5.470252037048339844e+01
5.494308471679687500e+01
5.569815635681152344e+01
5.472326278686523438e+01
5.481696128845214844e+01
5.474281311035156250e+01
5.469846725463867188e+01
5.529642105102539062e+01
5.485463142395019531e+01
5.472302436828613281e+01
5.498361587524414062e+01
5.617213249206542969e+01
5.484151840209960938e+01
5.495381355285644531e+01
5.465459823608398438e+01
5.480408668518066406e+01
5.470156669616699219e+01
5.452132225036621094e+01
5.480933189392089844e+01
5.473852157592773438e+01
5.528664588928222656e+01
5.472517013549804688e+01
5.459856986999511719e+01
5.467891693115234375e+01
5.452632904052734375e+01
5.471086502075195312e+01
5.482268333435058594e+01
5.472135543823242188e+01
5.459642410278320312e+01
5.588030815124511719e+01
5.459928512573242188e+01
5.444884300231933594e+01
5.445384979248046875e+01
5.471754074096679688e+01
5.447006225585937500e+01
5.444812774658203125e+01
5.442714691162109375e+01
5.476570129394531250e+01
5.586719512939453125e+01
5.468177795410156250e+01
5.500674247741699219e+01
5.463027954101562500e+01
5.445504188537597656e+01
5.435633659362792969e+01
5.347108840942382812e+01
5.288982391357421875e+01
5.322051048278808594e+01
5.634236335754394531e+01
5.481481552124023438e+01
5.463719367980957031e+01
5.477499961853027344e+01
5.496335029602050781e+01
5.461692810058593750e+01
5.454277992248535156e+01
5.199122428894042969e+01
5.261611938476562500e+01
5.540561676025390625e+01
5.563330650329589844e+01
5.470395088195800781e+01
5.665230751037597656e+01
5.487012863159179688e+01
5.275273323059082031e+01
5.238580703735351562e+01
5.394029617309570312e+01
5.448579788208007812e+01
5.236077308654785156e+01
5.310916900634765625e+01
5.426716804504394531e+01
5.451822280883789062e+01
5.447530746459960938e+01
5.455565452575683594e+01
5.466890335083007812e+01
5.473518371582031250e+01
5.827569961547851562e+01
5.350136756896972656e+01
5.269742012023925781e+01
5.394840240478515625e+01
5.487537384033203125e+01
5.491256713867187500e+01
5.477118492126464844e+01
5.469942092895507812e+01
5.486893653869628906e+01
5.462646484375000000e+01
5.492377281188964844e+01
5.552721023559570312e+01
5.474352836608886719e+01
5.442023277282714844e+01
5.487751960754394531e+01
5.476570129394531250e+01
5.479264259338378906e+01
5.455017089843750000e+01
5.465126037597656250e+01
5.460309982299804688e+01
5.294299125671386719e+01
5.277490615844726562e+01
5.496668815612792969e+01
5.470800399780273438e+01
5.457639694213867188e+01
5.456995964050292969e+01
5.493140220642089844e+01
5.351328849792480469e+01
5.217146873474121094e+01
5.268383026123046875e+01
5.325436592102050781e+01
5.387949943542480469e+01
5.456042289733886719e+01
5.299305915832519531e+01
5.219244956970214844e+01
5.447649955749511719e+01
5.459094047546386719e+01
5.477309226989746094e+01
5.424714088439941406e+01
5.283975601196289062e+01
5.311059951782226562e+01
5.465650558471679688e+01
5.446791648864746094e+01
5.484938621520996094e+01
5.337738990783691406e+01
5.249667167663574219e+01
5.363392829895019531e+01
5.477714538574218750e+01
5.544781684875488281e+01
5.490422248840332031e+01
5.468940734863281250e+01
5.455422401428222656e+01
5.462288856506347656e+01
5.385041236877441406e+01
5.221104621887207031e+01
5.366158485412597656e+01
5.481362342834472656e+01
5.566930770874023438e+01
5.496001243591308594e+01
5.319356918334960938e+01
5.252504348754882812e+01
5.423450469970703125e+01
5.468153953552246094e+01
5.500364303588867188e+01
5.476522445678710938e+01
5.481886863708496094e+01
5.469655990600585938e+01
5.294656753540039062e+01
5.338335037231445312e+01
5.473399162292480469e+01
5.502963066101074219e+01
5.485081672668457031e+01
5.481958389282226562e+01
5.483293533325195312e+01
5.485987663269042969e+01
5.537676811218261719e+01
5.526161193847656250e+01
5.513548851013183594e+01
5.507826805114746094e+01
5.488729476928710938e+01
5.481719970703125000e+01
5.492663383483886719e+01
5.491447448730468750e+01
